30.87850389 0.05400000
74.46016827 0.09300000
76.72062686 0.11100000
691.00903462 0.16600000
35926.97624613 0.23100000
451.04885397 0.24800000
7831.07024286 0.24200000
2149.00000000 0.09800000
2707.00000000 0.11400000
1272.00000000 0.11900000
937.00000000 0.11500000
1708.00000000 0.13000000
2046.00000000 0.12700000
1339.00000000 0.16900000
5200.00000000 0.20100000
12362.00000000 0.19200000
26517.00000000 0.25300000
30.87850389 0.06000000
73.98761805 0.08300000
79.33906586 0.12100000
697.45808872 0.15500000
36090.20248011 0.16900000
460.16364825 0.19400000
7697.20219455 0.18000000
2096.00000000 0.08800000
2801.00000000 0.15100000
1278.00000000 0.15100000
937.00000000 0.15300000
1646.00000000 0.12500000
2028.00000000 0.12700000
1359.00000000 0.21300000
5236.00000000 0.15800000
12090.00000000 0.17900000
